  3.0000000e+000  2.0000000e+000
  5.0000000e+000  3.0000000e+000
  1.1000000e+001  5.0000000e+000
  1.7000000e+001  7.0000000e+000
  2.9000000e+001  1.0000000e+001
  4.1000000e+001  1.3000000e+001
  5.9000000e+001  1.7000000e+001
  7.1000000e+001  2.0000000e+001
  1.0100000e+002  2.6000000e+001
  1.0700000e+002  2.8000000e+001
  1.3700000e+002  3.3000000e+001
  1.4900000e+002  3.5000000e+001
  1.7900000e+002  4.1000000e+001
  1.9100000e+002  4.3000000e+001
  1.9700000e+002  4.5000000e+001
  2.2700000e+002  4.9000000e+001
  2.3900000e+002  5.2000000e+001
  2.6900000e+002  5.7000000e+001
  2.8100000e+002  6.0000000e+001
  3.1100000e+002  6.4000000e+001
  3.4700000e+002  6.9000000e+001
  4.1900000e+002  8.1000000e+001
  4.3100000e+002  8.3000000e+001
  4.6100000e+002  8.9000000e+001
  5.2100000e+002  9.8000000e+001
  5.6900000e+002  1.0400000e+002
  5.9900000e+002  1.0900000e+002
  6.1700000e+002  1.1300000e+002
  6.4100000e+002  1.1600000e+002
  6.5900000e+002  1.2000000e+002
  8.0900000e+002  1.4000000e+002
  8.2100000e+002  1.4200000e+002
  8.2700000e+002  1.4400000e+002
  8.5700000e+002  1.4800000e+002
  8.8100000e+002  1.5200000e+002
  1.0190000e+003  1.7100000e+002
  1.0310000e+003  1.7300000e+002
  1.0490000e+003  1.7600000e+002
  1.0610000e+003  1.7800000e+002
  1.0910000e+003  1.8200000e+002
  1.1510000e+003  1.9000000e+002
  1.2290000e+003  2.0100000e+002
  1.2770000e+003  2.0600000e+002
  1.2890000e+003  2.0900000e+002
  1.3010000e+003  2.1200000e+002
  1.3190000e+003  2.1500000e+002
  1.4270000e+003  2.2500000e+002
  1.4510000e+003  2.3000000e+002
  1.4810000e+003  2.3400000e+002
  1.4870000e+003  2.3600000e+002
  1.6070000e+003  2.5300000e+002
  1.6190000e+003  2.5600000e+002
  1.6670000e+003  2.6200000e+002
  1.6970000e+003  2.6500000e+002
  1.7210000e+003  2.6800000e+002
  1.7870000e+003  2.7700000e+002
  1.8710000e+003  2.8600000e+002
  1.8770000e+003  2.8800000e+002
  1.9310000e+003  2.9400000e+002
  1.9490000e+003  2.9600000e+002
  1.9970000e+003  3.0200000e+002
  2.0270000e+003  3.0700000e+002
  2.0810000e+003  3.1300000e+002
  2.0870000e+003  3.1500000e+002
  2.1110000e+003  3.1800000e+002
  2.1290000e+003  3.2000000e+002
  2.1410000e+003  3.2300000e+002
  2.2370000e+003  3.3200000e+002
  2.2670000e+003  3.3600000e+002
  2.3090000e+003  3.4300000e+002
  2.3390000e+003  3.4600000e+002
  2.3810000e+003  3.5300000e+002
  2.5490000e+003  3.7300000e+002
  2.5910000e+003  3.7700000e+002
  2.6570000e+003  3.8400000e+002
  2.6870000e+003  3.9000000e+002
  2.7110000e+003  3.9500000e+002
  2.7290000e+003  3.9800000e+002
  2.7890000e+003  4.0500000e+002
  2.8010000e+003  4.0800000e+002
  2.9690000e+003  4.2800000e+002
  2.9990000e+003  4.3000000e+002
  3.1190000e+003  4.4400000e+002
  3.1670000e+003  4.4800000e+002
  3.2510000e+003  4.5800000e+002
  3.2570000e+003  4.6000000e+002
  3.2990000e+003  4.6300000e+002
  3.3290000e+003  4.6900000e+002
  3.3590000e+003  4.7300000e+002
  3.3710000e+003  4.7500000e+002
  3.3890000e+003  4.7700000e+002
  3.4610000e+003  4.8400000e+002
  3.4670000e+003  4.8600000e+002
  3.5270000e+003  4.9200000e+002
  3.5390000e+003  4.9500000e+002
  3.5570000e+003  4.9800000e+002
  3.5810000e+003  5.0100000e+002
  3.6710000e+003  5.1200000e+002
  3.7670000e+003  5.2400000e+002
  3.8210000e+003  5.3000000e+002
  3.8510000e+003  5.3400000e+002
  3.9170000e+003  5.4200000e+002
  3.9290000e+003  5.4500000e+002
  4.0010000e+003  5.5100000e+002
  4.0190000e+003  5.5500000e+002
  4.0490000e+003  5.5800000e+002
  4.0910000e+003  5.6300000e+002
  4.1270000e+003  5.6700000e+002
  4.1570000e+003  5.7200000e+002
  4.2170000e+003  5.7700000e+002
  4.2290000e+003  5.7900000e+002
  4.2410000e+003  5.8100000e+002
  4.2590000e+003  5.8400000e+002
  4.2710000e+003  5.8600000e+002
  4.3370000e+003  5.9200000e+002
  4.4210000e+003  6.0100000e+002
  4.4810000e+003  6.0800000e+002
  4.5170000e+003  6.1300000e+002
  4.5470000e+003  6.1600000e+002
  4.6370000e+003  6.2500000e+002
  4.6490000e+003  6.2800000e+002
  4.7210000e+003  6.3600000e+002
  4.7870000e+003  6.4300000e+002
  4.7990000e+003  6.4600000e+002
  4.9310000e+003  6.5800000e+002
  4.9670000e+003  6.6400000e+002
  5.0090000e+003  6.7100000e+002
  5.0210000e+003  6.7300000e+002
  5.0990000e+003  6.8100000e+002
  5.2310000e+003  6.9500000e+002
  5.2790000e+003  7.0000000e+002
  5.4170000e+003  7.1500000e+002
  5.4410000e+003  7.1900000e+002
  5.4770000e+003  7.2300000e+002
  5.5010000e+003  7.2600000e+002
  5.5190000e+003  7.2900000e+002
  5.6390000e+003  7.4000000e+002
  5.6510000e+003  7.4300000e+002
  5.6570000e+003  7.4500000e+002
  5.7410000e+003  7.5500000e+002
  5.8490000e+003  7.6800000e+002
  5.8670000e+003  7.7200000e+002
  5.8790000e+003  7.7400000e+002
  6.0890000e+003  7.9400000e+002
  6.1310000e+003  7.9900000e+002
  6.1970000e+003  8.0500000e+002
  6.2690000e+003  8.1500000e+002
  6.2990000e+003  8.1900000e+002
  6.3590000e+003  8.2800000e+002
  6.4490000e+003  8.3700000e+002
  6.5510000e+003  8.4600000e+002
  6.5690000e+003  8.4900000e+002
  6.6590000e+003  8.5800000e+002
  6.6890000e+003  8.6200000e+002
  6.7010000e+003  8.6400000e+002
  6.7610000e+003  8.7000000e+002
  6.7790000e+003  8.7200000e+002
  6.7910000e+003  8.7400000e+002
  6.8270000e+003  8.7800000e+002
  6.8690000e+003  8.8400000e+002
  6.9470000e+003  8.9100000e+002
  6.9590000e+003  8.9300000e+002
  7.1270000e+003  9.1300000e+002
  7.2110000e+003  9.2100000e+002
  7.3070000e+003  9.3100000e+002
  7.3310000e+003  9.3400000e+002
  7.3490000e+003  9.3600000e+002
  7.4570000e+003  9.4400000e+002
  7.4870000e+003  9.4800000e+002
  7.5470000e+003  9.5700000e+002
  7.5590000e+003  9.5900000e+002
  7.5890000e+003  9.6400000e+002
  7.7570000e+003  9.8400000e+002
  7.8770000e+003  9.9500000e+002
  7.9490000e+003  1.0040000e+003
  8.0090000e+003  1.0080000e+003
  8.0870000e+003  1.0160000e+003
  8.2190000e+003  1.0300000e+003
  8.2310000e+003  1.0320000e+003
  8.2910000e+003  1.0400000e+003
  8.3870000e+003  1.0500000e+003
  8.4290000e+003  1.0540000e+003
  8.5370000e+003  1.0640000e+003
  8.5970000e+003  1.0700000e+003
  8.6270000e+003  1.0740000e+003
  8.8190000e+003  1.0980000e+003
  8.8370000e+003  1.1010000e+003
  8.8610000e+003  1.1040000e+003
  8.9690000e+003  1.1150000e+003
  8.9990000e+003  1.1170000e+003
  9.0110000e+003  1.1200000e+003
  9.0410000e+003  1.1230000e+003
  9.2390000e+003  1.1450000e+003
  9.2810000e+003  1.1490000e+003
  9.3410000e+003  1.1560000e+003
  9.4190000e+003  1.1650000e+003
  9.4310000e+003  1.1670000e+003
  9.4370000e+003  1.1690000e+003
  9.4610000e+003  1.1710000e+003
  9.6290000e+003  1.1890000e+003
  9.6770000e+003  1.1940000e+003
  9.7190000e+003  1.1980000e+003
  9.7670000e+003  1.2040000e+003
  9.8570000e+003  1.2160000e+003
  9.9290000e+003  1.2240000e+003
  1.0007000e+004  1.2300000e+003
  1.0037000e+004  1.2320000e+003
  1.0067000e+004  1.2350000e+003
  1.0091000e+004  1.2380000e+003
  1.0139000e+004  1.2440000e+003
  1.0271000e+004  1.2600000e+003
  1.0301000e+004  1.2630000e+003
  1.0331000e+004  1.2670000e+003
  1.0427000e+004  1.2750000e+003
  1.0457000e+004  1.2790000e+003
  1.0499000e+004  1.2840000e+003
  1.0529000e+004  1.2870000e+003
  1.0709000e+004  1.3050000e+003
  1.0859000e+004  1.3200000e+003
  1.0889000e+004  1.3240000e+003
  1.0937000e+004  1.3280000e+003
  1.1057000e+004  1.3390000e+003
  1.1069000e+004  1.3410000e+003
  1.1117000e+004  1.3470000e+003
  1.1159000e+004  1.3510000e+003
  1.1171000e+004  1.3530000e+003
  1.1351000e+004  1.3710000e+003
  1.1489000e+004  1.3850000e+003
  1.1549000e+004  1.3910000e+003
  1.1699000e+004  1.4040000e+003
  1.1717000e+004  1.4060000e+003
  1.1777000e+004  1.4100000e+003
  1.1831000e+004  1.4190000e+003
  1.1939000e+004  1.4310000e+003
  1.1969000e+004  1.4350000e+003
  1.2041000e+004  1.4420000e+003
  1.2071000e+004  1.4450000e+003
  1.2107000e+004  1.4490000e+003
  1.2161000e+004  1.4560000e+003
  1.2239000e+004  1.4620000e+003
  1.2251000e+004  1.4640000e+003
  1.2377000e+004  1.4770000e+003
  1.2539000e+004  1.4970000e+003
  1.2611000e+004  1.5060000e+003
  1.2821000e+004  1.5280000e+003
  1.2917000e+004  1.5380000e+003
  1.3001000e+004  1.5480000e+003
  1.3007000e+004  1.5500000e+003
  1.3217000e+004  1.5710000e+003
  1.3337000e+004  1.5840000e+003
  1.3397000e+004  1.5880000e+003
  1.3679000e+004  1.6150000e+003
  1.3691000e+004  1.6180000e+003
  1.3709000e+004  1.6210000e+003
  1.3721000e+004  1.6230000e+003
  1.3757000e+004  1.6270000e+003
  1.3829000e+004  1.6340000e+003
  1.3877000e+004  1.6390000e+003
  1.3901000e+004  1.6420000e+003
  1.3931000e+004  1.6470000e+003
  1.3997000e+004  1.6510000e+003
  1.4009000e+004  1.6530000e+003
  1.4081000e+004  1.6600000e+003
  1.4249000e+004  1.6740000e+003
  1.4321000e+004  1.6790000e+003
  1.4387000e+004  1.6850000e+003
  1.4447000e+004  1.6940000e+003
  1.4549000e+004  1.7040000e+003
  1.4561000e+004  1.7070000e+003
  1.4591000e+004  1.7090000e+003
  1.4627000e+004  1.7120000e+003
  1.4867000e+004  1.7410000e+003
  1.5137000e+004  1.7680000e+003
  1.5269000e+004  1.7820000e+003
  1.5287000e+004  1.7850000e+003
  1.5329000e+004  1.7910000e+003
  1.5359000e+004  1.7940000e+003
  1.5581000e+004  1.8170000e+003
  1.5641000e+004  1.8230000e+003
  1.5647000e+004  1.8250000e+003
  1.5731000e+004  1.8330000e+003
  1.5737000e+004  1.8350000e+003
  1.5887000e+004  1.8510000e+003
  1.5971000e+004  1.8600000e+003
  1.6061000e+004  1.8670000e+003
  1.6067000e+004  1.8690000e+003
  1.6139000e+004  1.8780000e+003
  1.6187000e+004  1.8810000e+003
  1.6229000e+004  1.8860000e+003
  1.6361000e+004  1.8970000e+003
  1.6451000e+004  1.9070000e+003
  1.6631000e+004  1.9230000e+003
  1.6649000e+004  1.9250000e+003
  1.6691000e+004  1.9300000e+003
  1.6829000e+004  1.9420000e+003
  1.6901000e+004  1.9490000e+003
  1.6979000e+004  1.9570000e+003
  1.7027000e+004  1.9630000e+003
  1.7189000e+004  1.9790000e+003
  1.7207000e+004  1.9820000e+003
  1.7291000e+004  1.9870000e+003
  1.7387000e+004  1.9990000e+003
  1.7417000e+004  2.0030000e+003
  1.7489000e+004  2.0120000e+003
  1.7579000e+004  2.0210000e+003
  1.7597000e+004  2.0230000e+003
  1.7657000e+004  2.0280000e+003
  1.7681000e+004  2.0310000e+003
  1.7747000e+004  2.0370000e+003
  1.7789000e+004  2.0410000e+003
  1.7837000e+004  2.0450000e+003
  1.7909000e+004  2.0520000e+003
  1.7921000e+004  2.0540000e+003
  1.7957000e+004  2.0580000e+003
  1.7987000e+004  2.0630000e+003
  1.8041000e+004  2.0660000e+003
  1.8047000e+004  2.0680000e+003
  1.8059000e+004  2.0700000e+003
  1.8119000e+004  2.0750000e+003
  1.8131000e+004  2.0780000e+003
  1.8251000e+004  2.0910000e+003
  1.8287000e+004  2.0950000e+003
  1.8311000e+004  2.0990000e+003
  1.8521000e+004  2.1210000e+003
  1.8539000e+004  2.1230000e+003
  1.8911000e+004  2.1510000e+003
  1.8917000e+004  2.1530000e+003
  1.9079000e+004  2.1670000e+003
  1.9139000e+004  2.1710000e+003
  1.9181000e+004  2.1750000e+003
  1.9211000e+004  2.1780000e+003
  1.9379000e+004  2.1930000e+003
  1.9421000e+004  2.1990000e+003
  1.9427000e+004  2.2010000e+003
  1.9469000e+004  2.2080000e+003
  1.9541000e+004  2.2160000e+003
  1.9697000e+004  2.2290000e+003
  1.9751000e+004  2.2350000e+003
  1.9841000e+004  2.2440000e+003
  1.9889000e+004  2.2490000e+003
  1.9961000e+004  2.2560000e+003
  1.9991000e+004  2.2600000e+003
  2.0021000e+004  2.2640000e+003
  2.0147000e+004  2.2790000e+003
  2.0231000e+004  2.2870000e+003
  2.0357000e+004  2.3000000e+003
  2.0441000e+004  2.3090000e+003
  2.0477000e+004  2.3110000e+003
  2.0507000e+004  2.3140000e+003
  2.0549000e+004  2.3190000e+003
  2.0639000e+004  2.3260000e+003
  2.0717000e+004  2.3320000e+003
  2.0747000e+004  2.3360000e+003
  2.0771000e+004  2.3400000e+003
  2.0807000e+004  2.3430000e+003
  2.0897000e+004  2.3500000e+003
  2.0981000e+004  2.3590000e+003
  2.1011000e+004  2.3620000e+003
  2.1017000e+004  2.3640000e+003
  2.1059000e+004  2.3680000e+003
  2.1191000e+004  2.3830000e+003
  2.1317000e+004  2.3930000e+003
  2.1377000e+004  2.3980000e+003
  2.1491000e+004  2.4100000e+003
  2.1521000e+004  2.4150000e+003
  2.1557000e+004  2.4180000e+003
  2.1587000e+004  2.4230000e+003
  2.1599000e+004  2.4250000e+003
  2.1611000e+004  2.4270000e+003
  2.1647000e+004  2.4300000e+003
  2.1737000e+004  2.4380000e+003
  2.1839000e+004  2.4490000e+003
  2.2037000e+004  2.4690000e+003
  2.2091000e+004  2.4760000e+003
  2.2109000e+004  2.4780000e+003
  2.2157000e+004  2.4850000e+003
  2.2271000e+004  2.4930000e+003
  2.2277000e+004  2.4950000e+003
  2.2367000e+004  2.5030000e+003
  2.2481000e+004  2.5140000e+003
  2.2541000e+004  2.5190000e+003
  2.2571000e+004  2.5230000e+003
  2.2619000e+004  2.5260000e+003
  2.2637000e+004  2.5280000e+003
  2.2697000e+004  2.5350000e+003
  2.2739000e+004  2.5410000e+003
  2.2859000e+004  2.5520000e+003
  2.2961000e+004  2.5610000e+003
  2.3027000e+004  2.5690000e+003
  2.3039000e+004  2.5710000e+003
  2.3057000e+004  2.5740000e+003
  2.3201000e+004  2.5890000e+003
  2.3291000e+004  2.5960000e+003
  2.3369000e+004  2.6050000e+003
  2.3537000e+004  2.6160000e+003
  2.3561000e+004  2.6200000e+003
  2.3627000e+004  2.6290000e+003
  2.3669000e+004  2.6330000e+003
  2.3687000e+004  2.6360000e+003
  2.3741000e+004  2.6390000e+003
  2.3831000e+004  2.6510000e+003
  2.3909000e+004  2.6600000e+003
  2.4107000e+004  2.6830000e+003
  2.4179000e+004  2.6910000e+003
  2.4371000e+004  2.7050000e+003
  2.4419000e+004  2.7110000e+003
  2.4917000e+004  2.7530000e+003
  2.4977000e+004  2.7600000e+003
  2.5031000e+004  2.7640000e+003
  2.5169000e+004  2.7780000e+003
  2.5301000e+004  2.7890000e+003
  2.5307000e+004  2.7910000e+003
  2.5409000e+004  2.8010000e+003
  2.5469000e+004  2.8090000e+003
  2.5577000e+004  2.8150000e+003
  2.5601000e+004  2.8190000e+003
  2.5799000e+004  2.8400000e+003
  2.5847000e+004  2.8440000e+003
  2.5931000e+004  2.8520000e+003
  2.5997000e+004  2.8590000e+003
  2.6111000e+004  2.8700000e+003
  2.6249000e+004  2.8840000e+003
  2.6261000e+004  2.8860000e+003
  2.6681000e+004  2.9240000e+003
  2.6699000e+004  2.9280000e+003
  2.6711000e+004  2.9300000e+003
  2.6729000e+004  2.9340000e+003
  2.6861000e+004  2.9460000e+003
  2.6879000e+004  2.9480000e+003
  2.6891000e+004  2.9500000e+003
  2.6951000e+004  2.9560000e+003
  2.7059000e+004  2.9660000e+003
  2.7107000e+004  2.9730000e+003
  2.7239000e+004  2.9810000e+003
  2.7281000e+004  2.9870000e+003
  2.7407000e+004  2.9950000e+003
  2.7479000e+004  3.0020000e+003
  2.7527000e+004  3.0060000e+003
  2.7539000e+004  3.0080000e+003
  2.7581000e+004  3.0110000e+003
  2.7689000e+004  3.0190000e+003
  2.7737000e+004  3.0240000e+003
  2.7749000e+004  3.0270000e+003
  2.7791000e+004  3.0330000e+003
  2.7917000e+004  3.0460000e+003
  2.7941000e+004  3.0480000e+003
  2.8097000e+004  3.0650000e+003
  2.8109000e+004  3.0670000e+003
  2.8181000e+004  3.0720000e+003
  2.8277000e+004  3.0780000e+003
  2.8307000e+004  3.0830000e+003
  2.8349000e+004  3.0860000e+003
  2.8409000e+004  3.0910000e+003
  2.8547000e+004  3.1050000e+003
  2.8571000e+004  3.1080000e+003
  2.8619000e+004  3.1150000e+003
  2.8661000e+004  3.1220000e+003
  2.8751000e+004  3.1310000e+003
  2.9021000e+004  3.1560000e+003
  2.9129000e+004  3.1650000e+003
  2.9207000e+004  3.1750000e+003
  2.9387000e+004  3.1920000e+003
  2.9399000e+004  3.1940000e+003
  2.9567000e+004  3.2080000e+003
  2.9669000e+004  3.2190000e+003
  2.9759000e+004  3.2260000e+003
  2.9879000e+004  3.2370000e+003
  3.0011000e+004  3.2460000e+003
  3.0089000e+004  3.2520000e+003
  3.0137000e+004  3.2600000e+003
  3.0269000e+004  3.2730000e+003
  3.0389000e+004  3.2830000e+003
  3.0467000e+004  3.2890000e+003
  3.0491000e+004  3.2910000e+003
  3.0557000e+004  3.2990000e+003
  3.0839000e+004  3.3240000e+003
  3.0851000e+004  3.3260000e+003
  3.0869000e+004  3.3290000e+003
  3.1079000e+004  3.3480000e+003
  3.1121000e+004  3.3510000e+003
  3.1151000e+004  3.3550000e+003
  3.1181000e+004  3.3590000e+003
  3.1247000e+004  3.3670000e+003
  3.1319000e+004  3.3750000e+003
  3.1391000e+004  3.3830000e+003
  3.1511000e+004  3.3900000e+003
  3.1541000e+004  3.3940000e+003
  3.1721000e+004  3.4100000e+003
  3.1727000e+004  3.4120000e+003
  3.1769000e+004  3.4160000e+003
  3.1847000e+004  3.4210000e+003
  3.2027000e+004  3.4350000e+003
  3.2057000e+004  3.4380000e+003
  3.2117000e+004  3.4460000e+003
  3.2141000e+004  3.4480000e+003
  3.2189000e+004  3.4530000e+003
  3.2297000e+004  3.4620000e+003
  3.2321000e+004  3.4660000e+003
  3.2369000e+004  3.4730000e+003
  3.2411000e+004  3.4780000e+003
  3.2441000e+004  3.4820000e+003
  3.2531000e+004  3.4900000e+003
  3.2561000e+004  3.4930000e+003
  3.2609000e+004  3.5000000e+003
  3.2717000e+004  3.5100000e+003
  3.2801000e+004  3.5180000e+003
  3.2831000e+004  3.5200000e+003
  3.2909000e+004  3.5260000e+003
  3.2939000e+004  3.5300000e+003
  3.2969000e+004  3.5330000e+003
  3.3071000e+004  3.5450000e+003
  3.3149000e+004  3.5520000e+003
  3.3179000e+004  3.5550000e+003
  3.3287000e+004  3.5630000e+003
  3.3329000e+004  3.5680000e+003
  3.3347000e+004  3.5710000e+003
  3.3587000e+004  3.5960000e+003
  3.3599000e+004  3.5980000e+003
  3.3617000e+004  3.6010000e+003
  3.3749000e+004  3.6130000e+003
  3.3767000e+004  3.6160000e+003
  3.3809000e+004  3.6210000e+003
  3.3827000e+004  3.6230000e+003
  3.4031000e+004  3.6400000e+003
  3.4127000e+004  3.6460000e+003
  3.4157000e+004  3.6500000e+003
  3.4211000e+004  3.6540000e+003
  3.4259000e+004  3.6590000e+003
  3.4301000e+004  3.6650000e+003
  3.4367000e+004  3.6730000e+003
  3.4469000e+004  3.6810000e+003
  3.4499000e+004  3.6850000e+003
  3.4511000e+004  3.6870000e+003
  3.4589000e+004  3.6940000e+003
  3.4649000e+004  3.7000000e+003
  3.4757000e+004  3.7120000e+003
  3.4841000e+004  3.7180000e+003
  3.4847000e+004  3.7200000e+003
  3.4961000e+004  3.7300000e+003
  3.5051000e+004  3.7350000e+003
  3.5081000e+004  3.7390000e+003
  3.5279000e+004  3.7580000e+003
  3.5447000e+004  3.7750000e+003
  3.5507000e+004  3.7790000e+003
  3.5531000e+004  3.7830000e+003
  3.5591000e+004  3.7890000e+003
  3.5729000e+004  3.7960000e+003
  3.5801000e+004  3.8030000e+003
  3.5837000e+004  3.8070000e+003
  3.5897000e+004  3.8130000e+003
  3.6011000e+004  3.8260000e+003
  3.6107000e+004  3.8350000e+003
  3.6341000e+004  3.8560000e+003
  3.6467000e+004  3.8650000e+003
  3.6527000e+004  3.8720000e+003
  3.6779000e+004  3.8990000e+003
  3.6791000e+004  3.9020000e+003
  3.6899000e+004  3.9120000e+003
  3.6929000e+004  3.9170000e+003
  3.7019000e+004  3.9260000e+003
  3.7199000e+004  3.9410000e+003
  3.7307000e+004  3.9490000e+003
  3.7337000e+004  3.9530000e+003
  3.7361000e+004  3.9560000e+003
  3.7547000e+004  3.9750000e+003
  3.7571000e+004  3.9790000e+003
  3.7589000e+004  3.9820000e+003
  3.7691000e+004  3.9910000e+003
  3.7781000e+004  3.9960000e+003
  3.7811000e+004  3.9990000e+003
  3.7991000e+004  4.0150000e+003
  3.8237000e+004  4.0360000e+003
  3.8327000e+004  4.0460000e+003
  3.8447000e+004  4.0540000e+003
  3.8459000e+004  4.0570000e+003
  3.8567000e+004  4.0630000e+003
  3.8609000e+004  4.0670000e+003
  3.8651000e+004  4.0710000e+003
  3.8669000e+004  4.0730000e+003
  3.8711000e+004  4.0790000e+003
  3.8747000e+004  4.0840000e+003
  3.8921000e+004  4.1000000e+003
  3.9041000e+004  4.1100000e+003
  3.9161000e+004  4.1230000e+003
  3.9227000e+004  4.1300000e+003
  3.9239000e+004  4.1330000e+003
  3.9341000e+004  4.1410000e+003
  3.9371000e+004  4.1450000e+003
  3.9509000e+004  4.1570000e+003
  3.9827000e+004  4.1850000e+003
  3.9839000e+004  4.1870000e+003
  4.0037000e+004  4.2070000e+003
  4.0127000e+004  4.2150000e+003
  4.0151000e+004  4.2170000e+003
  4.0427000e+004  4.2380000e+003
  4.0529000e+004  4.2490000e+003
  4.0637000e+004  4.2590000e+003
  4.0697000e+004  4.2620000e+003
  4.0847000e+004  4.2770000e+003
  4.1141000e+004  4.3040000e+003
  4.1177000e+004  4.3080000e+003
  4.1201000e+004  4.3120000e+003
  4.1231000e+004  4.3170000e+003
  4.1387000e+004  4.3300000e+003
  4.1411000e+004  4.3330000e+003
  4.1519000e+004  4.3420000e+003
  4.1609000e+004  4.3510000e+003
  4.1759000e+004  4.3660000e+003
  4.1849000e+004  4.3740000e+003
  4.1957000e+004  4.3870000e+003
  4.1981000e+004  4.3900000e+003
  4.2017000e+004  4.3940000e+003
  4.2071000e+004  4.3990000e+003
  4.2179000e+004  4.4080000e+003
  4.2221000e+004  4.4140000e+003
  4.2281000e+004  4.4190000e+003
  4.2407000e+004  4.4340000e+003
  4.2461000e+004  4.4410000e+003
  4.2569000e+004  4.4510000e+003
  4.2641000e+004  4.4560000e+003
  4.2701000e+004  4.4640000e+003
  4.2839000e+004  4.4790000e+003
  4.2899000e+004  4.4840000e+003
  4.3049000e+004  4.4990000e+003
  4.3319000e+004  4.5200000e+003
  4.3397000e+004  4.5240000e+003
  4.3541000e+004  4.5360000e+003
  4.3577000e+004  4.5390000e+003
  4.3607000e+004  4.5430000e+003
  4.3649000e+004  4.5480000e+003
  4.3781000e+004  4.5590000e+003
  4.3787000e+004  4.5610000e+003
  4.3889000e+004  4.5670000e+003
  4.3961000e+004  4.5730000e+003
  4.4027000e+004  4.5820000e+003
  4.4087000e+004  4.5880000e+003
  4.4129000e+004  4.5940000e+003
  4.4201000e+004  4.6000000e+003
  4.4267000e+004  4.6070000e+003
  4.4279000e+004  4.6100000e+003
  4.4381000e+004  4.6160000e+003
  4.4531000e+004  4.6280000e+003
  4.4621000e+004  4.6370000e+003
  4.4699000e+004  4.6460000e+003
  4.4771000e+004  4.6520000e+003
  4.5119000e+004  4.6820000e+003
  4.5137000e+004  4.6860000e+003
  4.5179000e+004  4.6890000e+003
  4.5317000e+004  4.7010000e+003
  4.5341000e+004  4.7050000e+003
  4.5587000e+004  4.7250000e+003
  4.5821000e+004  4.7450000e+003
  4.6049000e+004  4.7640000e+003
  4.6091000e+004  4.7680000e+003
  4.6181000e+004  4.7770000e+003
  4.6271000e+004  4.7850000e+003
  4.6307000e+004  4.7890000e+003
  4.6349000e+004  4.7930000e+003
  4.6439000e+004  4.7980000e+003
  4.6589000e+004  4.8140000e+003
  4.6679000e+004  4.8230000e+003
  4.6769000e+004  4.8330000e+003
  4.6817000e+004  4.8370000e+003
  4.6829000e+004  4.8390000e+003
  4.7057000e+004  4.8550000e+003
  4.7147000e+004  4.8650000e+003
  4.7351000e+004  4.8820000e+003
  4.7387000e+004  4.8860000e+003
  4.7417000e+004  4.8890000e+003
  4.7657000e+004  4.9130000e+003
  4.7699000e+004  4.9160000e+003
  4.7711000e+004  4.9180000e+003
  4.7741000e+004  4.9220000e+003
  4.7777000e+004  4.9240000e+003
  4.7807000e+004  4.9280000e+003
  4.8119000e+004  4.9550000e+003
  4.8311000e+004  4.9710000e+003
  4.8407000e+004  4.9790000e+003
  4.8479000e+004  4.9860000e+003
  4.8539000e+004  4.9940000e+003
  4.8647000e+004  5.0030000e+003
  4.8677000e+004  5.0070000e+003
  4.8731000e+004  5.0090000e+003
  4.8779000e+004  5.0150000e+003
  4.8821000e+004  5.0210000e+003
  4.8857000e+004  5.0240000e+003
  4.8869000e+004  5.0260000e+003
  4.8989000e+004  5.0340000e+003
  4.9031000e+004  5.0390000e+003
  4.9121000e+004  5.0490000e+003
  4.9169000e+004  5.0530000e+003
  4.9199000e+004  5.0570000e+003
  4.9277000e+004  5.0640000e+003
  4.9331000e+004  5.0680000e+003
  4.9367000e+004  5.0720000e+003
  4.9391000e+004  5.0740000e+003
  4.9409000e+004  5.0760000e+003
  4.9529000e+004  5.0880000e+003
  4.9547000e+004  5.0910000e+003
  4.9667000e+004  5.1010000e+003
  4.9739000e+004  5.1070000e+003
  4.9787000e+004  5.1120000e+003
  4.9919000e+004  5.1240000e+003
  4.9937000e+004  5.1270000e+003
  4.9991000e+004  5.1310000e+003
  5.0021000e+004  5.1340000e+003
  5.0051000e+004  5.1380000e+003
  5.0129000e+004  5.1480000e+003
  5.0261000e+004  5.1580000e+003
  5.0459000e+004  5.1770000e+003
  5.0549000e+004  5.1850000e+003
  5.0591000e+004  5.1890000e+003
  5.0891000e+004  5.2120000e+003
  5.0969000e+004  5.2190000e+003
  5.1059000e+004  5.2270000e+003
  5.1131000e+004  5.2310000e+003
  5.1197000e+004  5.2380000e+003
  5.1239000e+004  5.2430000e+003
  5.1341000e+004  5.2510000e+003
  5.1347000e+004  5.2530000e+003
  5.1419000e+004  5.2590000e+003
  5.1437000e+004  5.2630000e+003
  5.1479000e+004  5.2680000e+003
  5.1719000e+004  5.2930000e+003
  5.1767000e+004  5.2960000e+003
  5.1827000e+004  5.3020000e+003
  5.1869000e+004  5.3070000e+003
  5.1971000e+004  5.3160000e+003
  5.2067000e+004  5.3250000e+003
  5.2181000e+004  5.3350000e+003
  5.2289000e+004  5.3450000e+003
  5.2361000e+004  5.3500000e+003
  5.2541000e+004  5.3640000e+003
  5.2709000e+004  5.3800000e+003
  5.2859000e+004  5.3930000e+003
  5.2901000e+004  5.3980000e+003
  5.3087000e+004  5.4150000e+003
  5.3147000e+004  5.4220000e+003
  5.3171000e+004  5.4250000e+003
  5.3231000e+004  5.4300000e+003
  5.3267000e+004  5.4330000e+003
  5.3279000e+004  5.4350000e+003
  5.3549000e+004  5.4560000e+003
  5.3591000e+004  5.4590000e+003
  5.3609000e+004  5.4620000e+003
  5.3717000e+004  5.4740000e+003
  5.3897000e+004  5.4910000e+003
  5.4011000e+004  5.5020000e+003
  5.4401000e+004  5.5330000e+003
  5.4419000e+004  5.5370000e+003
  5.4497000e+004  5.5440000e+003
  5.4539000e+004  5.5490000e+003
  5.4581000e+004  5.5550000e+003
  5.4629000e+004  5.5600000e+003
  5.4917000e+004  5.5830000e+003
  5.5049000e+004  5.5940000e+003
  5.5217000e+004  5.6100000e+003
  5.5331000e+004  5.6180000e+003
  5.5337000e+004  5.6200000e+003
  5.5439000e+004  5.6280000e+003
  5.5619000e+004  5.6420000e+003
  5.5631000e+004  5.6440000e+003
  5.5661000e+004  5.6470000e+003
  5.5817000e+004  5.6640000e+003
  5.5901000e+004  5.6740000e+003
  5.5931000e+004  5.6780000e+003
  5.6039000e+004  5.6860000e+003
  5.6099000e+004  5.6920000e+003
  5.6207000e+004  5.7020000e+003
  5.6237000e+004  5.7040000e+003
  5.6267000e+004  5.7080000e+003
  5.6477000e+004  5.7260000e+003
  5.6501000e+004  5.7290000e+003
  5.6531000e+004  5.7340000e+003
  5.6597000e+004  5.7390000e+003
  5.6711000e+004  5.7500000e+003
  5.6807000e+004  5.7590000e+003
  5.6891000e+004  5.7670000e+003
  5.6909000e+004  5.7700000e+003
  5.6921000e+004  5.7720000e+003
  5.7191000e+004  5.8000000e+003
  5.7221000e+004  5.8030000e+003
  5.7269000e+004  5.8080000e+003
  5.7329000e+004  5.8130000e+003
  5.7347000e+004  5.8150000e+003
  5.7527000e+004  5.8290000e+003
  5.7557000e+004  5.8310000e+003
  5.7791000e+004  5.8550000e+003
  5.7899000e+004  5.8650000e+003
  5.8109000e+004  5.8840000e+003
  5.8151000e+004  5.8880000e+003
  5.8169000e+004  5.8900000e+003
  5.8229000e+004  5.8980000e+003
  5.8367000e+004  5.9080000e+003
  5.8391000e+004  5.9110000e+003
  5.8439000e+004  5.9170000e+003
  5.8451000e+004  5.9190000e+003
  5.8601000e+004  5.9300000e+003
  5.8787000e+004  5.9470000e+003
  5.8907000e+004  5.9530000e+003
  5.9009000e+004  5.9640000e+003
  5.9021000e+004  5.9660000e+003
  5.9051000e+004  5.9690000e+003
  5.9207000e+004  5.9860000e+003
  5.9219000e+004  5.9880000e+003
  5.9357000e+004  5.9990000e+003
  5.9417000e+004  6.0070000e+003
  5.9441000e+004  6.0090000e+003
  5.9471000e+004  6.0140000e+003
  5.9627000e+004  6.0270000e+003
  5.9669000e+004  6.0320000e+003
  6.0089000e+004  6.0650000e+003
  6.0101000e+004  6.0670000e+003
  6.0167000e+004  6.0750000e+003
  6.0257000e+004  6.0810000e+003
  6.0647000e+004  6.1130000e+003
  6.0659000e+004  6.1150000e+003
  6.0761000e+004  6.1250000e+003
  6.0887000e+004  6.1340000e+003
  6.0899000e+004  6.1360000e+003
  6.0917000e+004  6.1390000e+003
  6.1151000e+004  6.1580000e+003
  6.1331000e+004  6.1690000e+003
  6.1379000e+004  6.1750000e+003
  6.1469000e+004  6.1820000e+003
  6.1559000e+004  6.1930000e+003
  6.1979000e+004  6.2290000e+003
  6.2129000e+004  6.2440000e+003
  6.2141000e+004  6.2470000e+003
  6.2189000e+004  6.2500000e+003
  6.2297000e+004  6.2580000e+003
  6.2927000e+004  6.3120000e+003
  6.2969000e+004  6.3150000e+003
  6.2981000e+004  6.3170000e+003
  6.2987000e+004  6.3190000e+003
  6.3029000e+004  6.3210000e+003
  6.3197000e+004  6.3340000e+003
  6.3311000e+004  6.3420000e+003
  6.3389000e+004  6.3520000e+003
  6.3419000e+004  6.3560000e+003
  6.3587000e+004  6.3720000e+003
  6.3599000e+004  6.3740000e+003
  6.3647000e+004  6.3800000e+003
  6.3689000e+004  6.3850000e+003
  6.3839000e+004  6.4020000e+003
  6.4151000e+004  6.4250000e+003
  6.4187000e+004  6.4290000e+003
  6.4301000e+004  6.4380000e+003
  6.4451000e+004  6.4490000e+003
  6.4577000e+004  6.4570000e+003
  6.4661000e+004  6.4660000e+003
  6.4781000e+004  6.4750000e+003
  6.4877000e+004  6.4830000e+003
  6.4919000e+004  6.4870000e+003
  6.5027000e+004  6.4960000e+003
  6.5099000e+004  6.5030000e+003
  6.5171000e+004  6.5120000e+003
  6.5267000e+004  6.5200000e+003
  6.5447000e+004  6.5370000e+003
  6.5519000e+004  6.5410000e+003
  6.5537000e+004  6.5430000e+003
  6.5579000e+004  6.5490000e+003
  6.5699000e+004  6.5620000e+003
  6.5717000e+004  6.5660000e+003
  6.5729000e+004  6.5680000e+003
  6.5837000e+004  6.5760000e+003
  6.5927000e+004  6.5840000e+003
  6.5981000e+004  6.5890000e+003
  6.6107000e+004  6.6010000e+003
  6.6359000e+004  6.6170000e+003
  6.6569000e+004  6.6370000e+003
  6.6749000e+004  6.6530000e+003
  6.6851000e+004  6.6610000e+003
  6.6947000e+004  6.6710000e+003
  6.7139000e+004  6.6880000e+003
  6.7187000e+004  6.6940000e+003
  6.7211000e+004  6.6960000e+003
  6.7217000e+004  6.6980000e+003
  6.7271000e+004  6.7030000e+003
  6.7409000e+004  6.7130000e+003
  6.7427000e+004  6.7160000e+003
  6.7577000e+004  6.7330000e+003
  6.7757000e+004  6.7480000e+003
  6.7931000e+004  6.7650000e+003
  6.8111000e+004  6.7820000e+003
  6.8207000e+004  6.7880000e+003
  6.8279000e+004  6.7950000e+003
  6.8447000e+004  6.8050000e+003
  6.8489000e+004  6.8100000e+003
  6.8711000e+004  6.8290000e+003
  6.8819000e+004  6.8400000e+003
  6.8879000e+004  6.8430000e+003
  6.8897000e+004  6.8460000e+003
  6.9029000e+004  6.8580000e+003
  6.9149000e+004  6.8670000e+003
  6.9191000e+004  6.8700000e+003
  6.9257000e+004  6.8780000e+003
  6.9401000e+004  6.8890000e+003
  6.9491000e+004  6.8990000e+003
  6.9497000e+004  6.9010000e+003
  6.9737000e+004  6.9130000e+003
  6.9761000e+004  6.9150000e+003
  6.9827000e+004  6.9210000e+003
  6.9857000e+004  6.9250000e+003
  6.9929000e+004  6.9300000e+003
  7.0001000e+004  6.9360000e+003
  7.0121000e+004  6.9480000e+003
  7.0139000e+004  6.9500000e+003
  7.0181000e+004  6.9550000e+003
  7.0199000e+004  6.9570000e+003
  7.0379000e+004  6.9740000e+003
  7.0457000e+004  6.9810000e+003
  7.0487000e+004  6.9840000e+003
  7.0571000e+004  6.9910000e+003
  7.0619000e+004  6.9960000e+003
  7.0841000e+004  7.0120000e+003
  7.0877000e+004  7.0170000e+003
  7.0919000e+004  7.0220000e+003
  7.0949000e+004  7.0250000e+003
  7.0979000e+004  7.0290000e+003
  7.0997000e+004  7.0320000e+003
  7.1261000e+004  7.0550000e+003
  7.1327000e+004  7.0600000e+003
  7.1339000e+004  7.0630000e+003
  7.1387000e+004  7.0690000e+003
  7.1411000e+004  7.0720000e+003
  7.1471000e+004  7.0790000e+003
  7.1549000e+004  7.0860000e+003
  7.1711000e+004  7.0990000e+003
  7.1807000e+004  7.1060000e+003
  7.1879000e+004  7.1140000e+003
  7.2089000e+004  7.1360000e+003
  7.2101000e+004  7.1380000e+003
  7.2167000e+004  7.1430000e+003
  7.2221000e+004  7.1470000e+003
  7.2227000e+004  7.1490000e+003
  7.2251000e+004  7.1510000e+003
  7.2269000e+004  7.1530000e+003
  7.2467000e+004  7.1680000e+003
  7.2647000e+004  7.1830000e+003
  7.2671000e+004  7.1860000e+003
  7.2869000e+004  7.2020000e+003
  7.3037000e+004  7.2220000e+003
  7.3061000e+004  7.2250000e+003
  7.3361000e+004  7.2450000e+003
  7.3607000e+004  7.2680000e+003
  7.3679000e+004  7.2750000e+003
  7.3847000e+004  7.2880000e+003
  7.4099000e+004  7.3100000e+003
  7.4159000e+004  7.3150000e+003
  7.4201000e+004  7.3210000e+003
  7.4381000e+004  7.3380000e+003
  7.4411000e+004  7.3400000e+003
  7.4507000e+004  7.3480000e+003
  7.4609000e+004  7.3590000e+003
  7.4717000e+004  7.3670000e+003
  7.4729000e+004  7.3690000e+003
  7.4759000e+004  7.3720000e+003
  7.5011000e+004  7.3940000e+003
  7.5167000e+004  7.4060000e+003
  7.5209000e+004  7.4100000e+003
  7.5389000e+004  7.4280000e+003
  7.5401000e+004  7.4300000e+003
  7.5539000e+004  7.4410000e+003
  7.5617000e+004  7.4490000e+003
  7.5707000e+004  7.4590000e+003
  7.5989000e+004  7.4820000e+003
  7.6001000e+004  7.4850000e+003
  7.6079000e+004  7.4890000e+003
  7.6157000e+004  7.4970000e+003
  7.6259000e+004  7.5060000e+003
  7.6367000e+004  7.5130000e+003
  7.6421000e+004  7.5180000e+003
  7.6541000e+004  7.5300000e+003
  7.6649000e+004  7.5380000e+003
  7.6829000e+004  7.5530000e+003
  7.6871000e+004  7.5570000e+003
  7.6961000e+004  7.5650000e+003
  7.7237000e+004  7.5860000e+003
  7.7261000e+004  7.5900000e+003
  7.7267000e+004  7.5920000e+003
  7.7417000e+004  7.6050000e+003
  7.7477000e+004  7.6100000e+003
  7.7489000e+004  7.6120000e+003
  7.7549000e+004  7.6190000e+003
  7.7687000e+004  7.6340000e+003
  7.7711000e+004  7.6370000e+003
  7.8137000e+004  7.6720000e+003
  7.8191000e+004  7.6790000e+003
  7.8437000e+004  7.6970000e+003
  7.8509000e+004  7.7030000e+003
  7.8539000e+004  7.7060000e+003
  7.8569000e+004  7.7090000e+003
  7.8779000e+004  7.7250000e+003
  7.8887000e+004  7.7370000e+003
  7.8977000e+004  7.7440000e+003
  7.9151000e+004  7.7570000e+003
  7.9229000e+004  7.7640000e+003
  7.9397000e+004  7.7810000e+003
  7.9559000e+004  7.7930000e+003
  7.9631000e+004  7.8020000e+003
  7.9691000e+004  7.8070000e+003
  7.9697000e+004  7.8090000e+003
  7.9811000e+004  7.8150000e+003
  7.9841000e+004  7.8200000e+003
  7.9901000e+004  7.8270000e+003
  7.9997000e+004  7.8360000e+003
  8.0147000e+004  7.8460000e+003
  8.0207000e+004  7.8530000e+003
  8.0231000e+004  7.8560000e+003
  8.0447000e+004  7.8740000e+003
  8.0471000e+004  7.8760000e+003
  8.0489000e+004  7.8780000e+003
  8.0627000e+004  7.8890000e+003
  8.0669000e+004  7.8930000e+003
  8.0681000e+004  7.8960000e+003
  8.0747000e+004  7.9020000e+003
  8.0777000e+004  7.9050000e+003
  8.0831000e+004  7.9120000e+003
  8.0909000e+004  7.9170000e+003
  8.1017000e+004  7.9280000e+003
  8.1041000e+004  7.9320000e+003
  8.1047000e+004  7.9340000e+003
  8.1197000e+004  7.9470000e+003
  8.1281000e+004  7.9530000e+003
  8.1371000e+004  7.9630000e+003
  8.1551000e+004  7.9760000e+003
  8.1647000e+004  7.9850000e+003
  8.1701000e+004  7.9910000e+003
  8.1899000e+004  8.0070000e+003
  8.1929000e+004  8.0100000e+003
  8.1971000e+004  8.0160000e+003
  8.2007000e+004  8.0190000e+003
  8.2037000e+004  8.0240000e+003
  8.2139000e+004  8.0300000e+003
  8.2217000e+004  8.0390000e+003
  8.2349000e+004  8.0510000e+003
  8.2469000e+004  8.0600000e+003
  8.2529000e+004  8.0670000e+003
  8.2559000e+004  8.0700000e+003
  8.2721000e+004  8.0830000e+003
  8.2727000e+004  8.0850000e+003
  8.2757000e+004  8.0870000e+003
  8.2811000e+004  8.0940000e+003
  8.2889000e+004  8.0990000e+003
  8.3219000e+004  8.1230000e+003
  8.3231000e+004  8.1260000e+003
  8.3267000e+004  8.1300000e+003
  8.3339000e+004  8.1350000e+003
  8.3399000e+004  8.1400000e+003
  8.3561000e+004  8.1550000e+003
  8.3639000e+004  8.1630000e+003
  8.3717000e+004  8.1690000e+003
